              precision    recall  f1-score   support

         0.0       0.00      0.00      0.00        99
         1.0       0.00      0.00      0.00        24
         2.0       0.00      0.00      0.00        62
         3.0       0.00      0.00      0.00        72
         4.0       0.05      1.00      0.09        76
         5.0       0.00      0.00      0.00        81
         6.0       0.00      0.00      0.00       145
         7.0       0.00      0.00      0.00        79
         8.0       0.00      0.00      0.00        37
         9.0       0.00      0.00      0.00        60
        10.0       0.00      0.00      0.00       149
        11.0       0.00      0.00      0.00        80
        12.0       0.00      0.00      0.00        89
        13.0       0.00      0.00      0.00        34
        14.0       0.00      0.00      0.00        39
        15.0       0.00      0.00      0.00        99
        16.0       0.00      0.00      0.00       111
        17.0       0.00      0.00      0.00       104
        18.0       0.00      0.00      0.00        80
        19.0       0.00      0.00      0.00        76

    accuracy                           0.05      1596
   macro avg       0.00      0.05      0.00      1596
weighted avg       0.00      0.05      0.00      1596

